0,559
0,558
0,557
0,556
235,5
235,4
235,3
235,2
235,1
235,0
234,5
234,4
234,3
234,2
234,1
234,0
233,5
233,4
233,3
233,2
233,1
233,0
232,5
232,4
232,3
232,2
232,1
232,0
0,555
231,4
231,3
231,2
231,1
231,0
230,4
230,3
230,2
230,1
230,0
0,554
229,3
229,2
229,1
229,0
228,4
228,3
228,2
228,1
228,0
227,3
227,2
227,1
227,0
226,3
226,2
226,1
226,0
225,3
225,2
225,1
225,0
224,4
224,3
224,2
224,1
224,0
223,4
223,3
223,2
223,1
223,0
222,5
222,4
222,3
222,2
222,1
222,0
221,3
221,2
221,1
221,0
220,4
220,3
220,2
220,1
220,0
219,3
219,2
219,1
219,0
218,3
218,2
218,1
218,0
217,6
217,5
217,4
217,3
217,2
217,1
217,0
216,7
216,6
216,5
216,4
216,3
216,2
216,1
216,0
215,5
215,4
215,3
215,2
215,1
215,0
214,4
214,3
214,2
214,1
214,0
213,5
213,4
213,3
213,2
213,1
213,0
212,6
212,5
212,4
212,3
212,2
212,1
212,0
211,3
211,2
211,1
211,0
210,3
210,2
210,1
210,0
209,4
209,3
209,2
209,1
209,0
208,3
208,2
208,1
208,0
0,553
207,5
207,4
207,3
207,2
207,1
207,0
0,552
206,4
206,3
206,2
206,1
206,0
205,5
205,4
205,3
205,2
205,1
205,0
204,5
204,4
204,3
204,2
204,1
204,0
203,4
203,3
203,2
203,1
203,0
202,4
202,3
202,2
202,1
202,0
0,551
201,4
201,3
201,2
201,1
201,0
200,4
200,3
200,2
200,1
200,0
0,550
199,5
199,4
199,3
199,2
199,1
199,0
198,4
198,3
198,2
198,1
198,0
197,3
197,2
197,1
197,0
0,549
196,3
196,2
196,1
196,0
0,548
0,547
195,4
195,3
195,2
195,1
195,0
194,4
194,3
194,2
194,1
194,0
193,3
193,2
193,1
193,0
192,3
192,2
192,1
192,0
191,4
191,3
191,2
191,1
191,0
190,4
190,3
190,2
190,1
190,0
189,4
189,3
189,2
189,1
189,0
188,3
188,2
188,1
188,0
187,5
187,4
187,3
187,2
187,1
187,0
186,4
186,3
186,2
186,1
186,0
185,3
185,2
185,1
185,0
184,3
184,2
184,1
184,0
183,3
183,2
183,1
183,0
182,3
182,2
182,1
182,0
181,3
181,2
181,1
181,0
180,3
180,2
180,1
180,0
179,3
179,2
179,1
179,0
0,546
178,3
178,2
178,1
178,0
177,3
177,2
177,1
177,0
176,3
176,2
176,1
176,0
175,3
175,2
175,1
175,0
174,3
174,2
174,1
174,0
173,3
173,2
173,1
173,0
172,3
172,2
172,1
172,0
171,3
171,2
171,1
171,0
170,3
170,2
170,1
170,0
169,3
169,2
169,1
169,0
168,3
168,2
168,1
168,0
167,3
167,2
167,1
167,0
166,3
166,2
166,1
166,0
165,3
165,2
165,1
165,0
164,3
164,2
164,1
164,0
163,3
163,2
163,1
163,0
137,6
137,5
137,4
136,4
162,3
162,2
162,1
162,0
161,3
161,2
161,1
161,0
160,3
160,2
160,1
160,0
159,3
159,2
159,1
159,0
158,3
158,2
158,1
158,0
157,3
157,2
157,1
157,0
156,3
156,2
156,1
156,0
